160
58
570
394
524682
1329227995784915872903807060280869258
-240
-90
-246
-8388854
203
158456325028528675187087900875
51
36028797018964019
-122
-44070562979966376225646210489369777558
-103240683627153174485261139861546253001
-148739040882845081904917431902258516760
-148739040882845081904917431902258516736
-169145886221368935459100262360649765899
-169145886221368935459100262359576024075
-169145886221368935459100262359643132939
-169
0
115768125098052881855571779380441715154
77308519049895861519761121382722948355
77308519049895861519761121382722948352
0
1
2
3
4
215
5
6
7
8
9
150791793968886456358279727999175717233
79507527193115221883600482340042256203
79507527193115221883600482340042256128
79507527193115221883600482340042256129
-212
10
11
12
8204
70368744185868
13
2596148429267413814265248164610061
2596148584009918724937782527000589
2596148584009955618425929946103821
-184
-1
42741
-112
-20
-2
167
14
15
16
-81
-61652
236
177
-151
17
18
137
130
154
55
19
20
21
22
23
24
25
26
27
148
28
29
200
30
302231454903657293676574
31
-31270
32
4128
112
33
10633823966279326983230456482242756641
10633824124735652011759131669330657313
10633824124735652011759131669330657280
10633824124735652011759131669330657281
10633824124735652011759131669330657282
10633824124735954243214035326624333826
10633824124735954243214052918810378242
10633824124735954243214052918810378240
43
34
35
36
37
-255
-170
171
42
-144
38
94745286476026003552547439716296247111
56425215177326467463129643405733795924
247
52
39
-162134539532917738473725548246901324281
94745286476026003552547439716296247040
94745286476026003552547439716296247041
94745286476026003552547439716296247042
35881
35840
36352
140737488391680
158329674436096
158329674436097
158329674436098
4611844348101824002
4611844348101824000
4611844348101824001
251
40
41
44
29357694401022141945859770052936865302
-143452370368630920871814785485941500907
108089693021945158982483698831267549521
-54044846510972579491241849415633774760
45
102751930403577496810509195185279028557
249
41538374868278621028243970633761017
41538374868278621028243970633760768
41538374868278621028243970633760769
41538374868278621028243970667315201
41538374868278621028243970667315200
41538374868278621028243970667315202
41538374868278621028243970667315203
41538374868278621028243970667315204
41538374868278621028243970667315205
-241
-3
-4
-5
-6
-7
-8
-9
-10
-11
-269918091876052053234857405
46
47
48
49
50
53
54
56
57
72
59
60
61
62
63
64
69390914038779608235668547397850772532
69390914038779608235668547397850772480
96079727130617919095541065627793377352
174
65
66
8388674
8388608
8388609
8388610
67
68
69
227069168756297
227069168756224
-153
-12
-24588
-243
-13
-14
